area = 12.566371
volume = 4.188790