Area: 28.260000
Perimeter: 18.840000
